KHAT_AVG, KHAT_STD, ELBO_AVG, ELBO_STD
--------------------------------------
ADVI
[0.773476105928421, 0.048897752748493346, 60.59969680786133, 0.022242710474907675],
[0.7625335025787353, 0.053852856258489644, 60.55164283752441, 0.028780243429026287],
[0.7230198228359223, 0.05825321547157015, 60.28173873901367, 0.01853657699190638],
[0.8161441695690155, 0.05865718027919225, 60.98978240966797, 0.031686039029863715],
[0.8300544619560242, 0.0568855912302544, 61.13757850646973, 0.03215158562019643],
ADVI-NC
[0.08487378327175975, 0.037061176588169806, 60.724838485717775, 0.028508020774843674],
[0.09325161151587963, 0.03418162211584084, 60.041014404296874, 0.01934513413749349],
[0.13208357870578766, 0.03551699426811276, 59.830545578002926, 0.014301676532005482],
[0.0854979588650167, 0.030409768017563794, 60.63074935913086, 0.03147158657345115],
[0.13362753450870513, 0.041078901834053744, 59.75490539550781, 0.014586532515764633],
PF-8
[0.6079519093036652, 0.0584809347354174, 59.83106307983398, 0.011451040828452079],
[0.7085433709621429, 0.051459670488429525, 60.371847763061524, 0.012886127668393631],
[0.5399354761838913, 0.05136509264249753, 59.645108489990236, 0.008958326141209913],
[0.694690866470337, 0.04312961354367542, 60.304137268066405, 0.01486837044699484],
[0.7002391242980956, 0.04367496373948338, 60.10491310119629, 0.010596170876820478],
PF-8-NC
[0.3454860609769821, 0.044956127929836706, 59.539534378051755, 0.006322346362888699],
[0.26293841034173965, 0.04386471007636011, 59.52756660461426, 0.005216786122967078],
[0.20031143367290496, 0.03930973853601025, 59.48149559020996, 0.004521016250259097],
[0.10852258339524269, 0.03505425069600013, 59.50348846435547, 0.006772225952747341],
[0.22786725521087647, 0.033450546572295556, 59.48865211486817, 0.005170677379465853],
PF-1S
[0.3405042994022369, 0.056546087334373184, 5.143204183578491, 0.0036822279133680844],
[0.876318508386612, 0.04872290084805153, 5.6313955688476565, 0.01006023199123398],
[0.3378040498495102, 0.045191338911092484, 5.153824243545532, 0.005153440209311946],
[0.37175894021987915, 0.04598564079420799, 5.133799514770508, 0.002378679697883276],
[0.3802860176563263, 0.04286557660091593, 5.14288215637207, 0.003557114248416966],
PF-1S-NC
[0.4655285531282425, 0.04572509264494281, 5.144096059799194, 0.0031193442024044617],
[0.20339941203594208, 0.032248150823950716, 5.125405054092408, 0.0031609430084335653],
[0.2512540429830551, 0.04198350446617338, 5.129400472640992, 0.0035547936541568087],
[0.34325699269771576, 0.04655709963728126, 5.1323869514465335, 0.003378011974507297],
[0.13540518678724767, 0.043965029620233013, 5.129608573913575, 0.0026199803882865674],
PF-2S-N10
[0.6774983632564545, 0.04415501642075288, 13.324055843353271, 0.0048765289164258],
[0.5380446547269822, 0.04700343030396832, 13.359551181793213, 0.007298680310313304],
[0.4510628068447113, 0.04940177001116885, 13.32470468521118, 0.006845490248106843],
[0.46896157383918763, 0.05173092596256281, 13.301513423919678, 0.005634401845600123],
[0.548356140255928, 0.045079587210369816, 13.311377162933349, 0.006355499536142326],
PF-2S-N20
[0.41821461617946626, 0.04855362356437586, 13.277599658966064, 0.004204302654355879],
[0.47027279913425446, 0.05199543603340176, 13.30756052017212, 0.00434554639247177],
[0.3621470183134079, 0.05235957900550066, 13.276927070617676, 0.0035905865360974032],
[0.5386360484361649, 0.05156078889182627, 13.286576957702637, 0.004086425340172756],
[0.5116870856285095, 0.05734193860071806, 13.28493350982666, 0.004684477159709085],
PF-2S-N30
[0.41581710159778595, 0.04564711627484238, 13.283846378326416, 0.003907569737054189],
[0.4386049681901932, 0.04346702400725473, 13.29018045425415, 0.005234419722648745],
[0.3183821618556976, 0.055702784571130745, 13.267215461730958, 0.003753812542862741],
[0.3671763265132904, 0.0451315328564807, 13.278659534454345, 0.003299712551811475],
[0.4778678047657013, 0.05120861576784937, 13.275132179260254, 0.00418223286965483],
PF-2S-N40
[0.4255387401580811, 0.049186342452068765, 13.269634380340577, 0.003216972490001644],
[0.44764535903930663, 0.04724990302089854, 13.280339736938476, 0.004208956449923845],
[0.329289188683033, 0.048872224781956575, 13.267889957427979, 0.003419104016587694],
[0.3249115765094757, 0.037699271170966546, 13.290446243286134, 0.004861723889891953],
[0.36993960618972777, 0.04330907565810386, 13.275403022766113, 0.00483013072319754],
PF-2S-N60
[0.3852017414569855, 0.048362919803893865, 13.27498140335083, 0.00396407793807872],
[0.3715191948413849, 0.047221082493864995, 13.296756782531737, 0.00391064470204123],
[0.38506612241268157, 0.04353320715027666, 13.26913511276245, 0.0040747526212717294],
[0.18944345131516457, 0.059890943007564666, 13.28361608505249, 0.004861064510235863],
[0.34193593859672544, 0.038419399631508484, 13.276564464569091, 0.003946055795846644],
PF-2S-N80
[0.1714811474084854, 0.047269297521010285, 13.276459197998047, 0.004325707978662031],
[0.40707383513450623, 0.04291201300804814, 13.288290615081786, 0.005245157754442195],
[0.26404030025005343, 0.04394470105493409, 13.336022548675537, 0.007615062237489816],
[0.23064806282520295, 0.042397970891199815, 13.284252471923828, 0.005639268781967093],
[0.3455655363202095, 0.045989038951665284, 13.27444356918335, 0.003400733738510428],
PF-2S-N128
[0.32915195465087893, 0.042009788382282, 13.299023704528809, 0.004975708661745352],
[0.29496597200632096, 0.04506273788334129, 13.269339466094971, 0.003721332193224408],
[0.3778514051437378, 0.04136692586167267, 13.27354175567627, 0.003171366710522639],
[0.34848168671131136, 0.0430503187121043, 13.2899485206604, 0.004303069085874111],
[0.3053919690847397, 0.04176287811875612, 13.270182666778565, 0.003647768643323761],

